00000 0000 0000 1 0 --Instrucciones Tipo R
00000 0000 0000 1 0
00000 0000 0001 0 1
00000 0000 0010 0 1
00000 0001 0001 0 1
00000 0010 0100 0 1
00000 0011 1100 0 1
00000 0100 0011 0 1
00000 0101 1000 0 1
00000 0110 0001 0 1
00000 0111 0100 0 1
00000 1000 0010 0 1
00000 1001 0000 0 0
00000 1010 0000 0 0
00000 1011 0000 0 0
00000 1100 0000 0 0 
00001 0111 0000 0 0 LI --Instrucciones Tipo I y J 
00010 0100 0000 0 0 LWI
00011 1000 0000 0 0 SWI
00100 0110 0000 0 0 SW
00101 0000 0010 0 1 ADDI
00110 0110 0001 0 1 SUBI
00111 0100 0011 0 1 ANDI
01000 1010 0100 0 1 ORI
01001 0100 1000 0 1 XORI
01010 0001 1100 0 1 NANDI
01011 0011 0101 0 1 NORI
01100 1111 1010 0 1 XNORI
10111 0000 0000 0 1 LW
01101 1111 0000 0 1 BEQI -- no cumple y no salta Instrucciones de Brinco Condicional
01101 1011 0010 0 1 BEQI -- si cumple y salta 
01101 1101 0010 0 1 BEQI
01110 1110 0010 0 1 BNEI
01110 1100 0000 0 1 BNEI
01110 0011 0000 0 1 BNEI
01111 0001 1100 0 1 BLTI
01111 0000 1000 0 1 BLTI
01111 0010 0100 0 1 BLTI
10000 0100 0000 0 1 BLETI
10000 0110 1110 0 1 BLETI
10000 0101 1000 0 1 BLETI
10001 0111 1010 0 1 BGTI
10001 1010 1100 0 1 BGTI
10001 1000 0000 0 1 BGTI
10010 1111 1000 0 1 BGETI
10010 1001 1010 0 1 BGETI
10010 1101 1100 0 1 BGETI
10011 1001 1100 0 0 B--Instrucciones de brinco incondicional y manejo de subrutinas
10100 1111 0000 0 0 CALL
10101 0000 0000 0 0 RET
10110 0000 0000 0 0 NOP
11000 0000 0000 0 0 24-MEMORIA CODIGO OPERACION SIN USAR POR LAS INSTRUCCIONES DEL ESCOMIPS